            function F = fonction(X)
                g = 1.4;
                cf = 0.005;
                M_2 = 1;
                p_atm = 100;
                                
                % Home Assignement - HA
%                     x   = [0, 76, 760, 1520, 2280, 2400, 2530, 2600, 2630, 2670];                       % [mm]
%                     F = ((g+1)/(2*g))*log((X.^2)/(1 + ((g-1)/2)*X.^2)) + 1/(g*X.^2) - ( ((4*cf)/6.4)*(x(1,end-1) - x(1,9)) + (1/(g*M_2^2)) + ((g+1)/(2*g))*log((M_2^2)/(1 + ((g-1)/2)*M_2^2)) );  
            
                % Part 2
                    pp  = [417.591, 373.4420, 308.9070, 214.0670, 197.86, 175.115, 160.615, 131.584, 100];   % [kPa]
                    
                    F = 2*X^2 + 2*(g-1)*X^4 - (p_atm/pp(9))^2 * M_2^2 * (2 + (g-1)*M_2^2);
            end
            